|0.0 0.0
|0.500000 0.700000
|1.000000 1.400000
|1.500000 2.100000
|2.000000 2.800000
|2.500000 3.500000
|3.000000 4.200000
|3.500000 4.900000
|4.000000 5.600000
|4.500000 6.300000
|5.000000 7.000000
|5.500000 7.700000
|6.000000 8.400000
|6.500000 9.100000
|7.000000 9.800000
|7.500000 10.500000
|8.000000 11.200000
|8.500000 11.900000
|9.000000 12.600000
|9.500000 13.300000
|10.000000 14.000000
|10.500000 14.700000
|11.000000 15.400000
|11.500000 16.100000
|12.000000 16.800000
|12.500000 17.500000
|13.000000 18.200000
